Puerto salida	Puerto destino	Distancia recorrida (km)	Distancia (mn)	CO2 (t)	Nox (kg)	SOx (kg)	PM10	CO2 (t/TEU)	CO2 (kg/TEU)	Nox (kg/TEU)	SOx (kg/TEU)	PM10 (kg/TEU)	Emisiones (USD/TEU*mn)
Altamira	Veracruz ICAVE	6915,00	3733,80	6520,68	38295,00	4995,00	3735,00	1,45	1314,55	8,51	1,11	0,83	345,4970433
Veracruz ICAVE	Santa Marta	4872,00	2630,67	3924,45	27000,00	3555,00	2655,00	0,87	791,16	6,00	0,79	0,59	229,2703295
Santa Marta	Cartagena CONTECAR	4266,00	2303,46	2464,07	23625,00	3150,00	2340,00	0,55	496,75	5,25	0,70	0,52	179,5938313
Cartagena CONTECAR	Altamira	5868,00	3168,47	5031,77	32535,00	4275,00	3240,00	1,12	1014,39	7,23	0,95	0,72	283,9705308
Manzanillo-Panamá	Panama	866,00	467,60	963,54	4770,00	630,00	540,00	0,21	194,25	1,06	0,14	0,12	48,25327273
Panama	Cartagena CONTECAR	571,00	308,32	243,32	3240,00	450,00	315,00	0,05	49,05	0,72	0,10	0,07	22,43781598
Cartagena CONTECAR	Mariel	2260,00	1220,30	1835,42	12555,00	1665,00	1260,00	0,41	370,01	2,79	0,37	0,28	107,5044841
Mariel	Manzanillo-Panamá	2329,00	1257,56	2009,48	12960,00	1755,00	1305,00	0,45	405,10	2,88	0,39	0,29	113,7424527
Cristobal	Manzanillo - Panamá	1363,00	735,96	1524,87	7515,00	1035,00	810,00	0,34	307,41	1,67	0,23	0,18	75,30533564
Manzanillo - Panamá	Port of Spain	3223,00	1740,28	2176,29	17910,00	2385,00	1800,00	0,48	438,73	3,98	0,53	0,40	143,6292277
Port of Spain	Macapa	1985,00	1071,81	2561,00	10935,00	1485,00	1125,00	0,57	516,29	2,43	0,33	0,25	115,802076
Vila do Conde	Cartagena CONTECAR	3700,00	1997,84	1971,54	20520,00	2700,00	2025,00	0,44	397,46	4,56	0,60	0,45	151,9487086
Cartagena CONTECAR	Cristobal	896,00	483,80	1027,53	4950,00	720,00	540,00	0,23	207,15	1,10	0,16	0,12	50,39177488
Altamira	Veracruz ICAVE	6915,00	3733,80	6520,68	38295,00	4995,00	3735,00	1,45	1314,55	8,51	1,11	0,83	345,4970433
Altamira	houston	924,00	498,92	361,67	5,13	675,00	540,00	0,08	72,91	0,00	0,15	0,12	23,34424251
Antwerp	Caucedo	7430,00	4011,88	2462,49	41,13	5355,00	4,06	0,55	496,43	0,01	1,19	0,00	71,31895774
Antwerp	Rotterdam	120,00	64,79	53,06	675,00	90,00	90,00	0,01	10,70	0,15	0,02	0,02	5,312777342
Antwerp	Le Havre	572,00	308,86	503,60	3195,00	450,00	315,00	0,11	101,52	0,71	0,10	0,07	28,11158488
Antwerp	Halifax	6270,00	3385,53	4027,41	34,74	4545,00	3420,00	0,89	811,91	0,01	1,01	0,76	187,2754103
balboa	manzanillo	3013,00	1626,89	1982,97	16,70	2,21	1,67	0,44	399,76				44,066
balboa	tauranga	39604,00	21384,45	16229,52	219,29	28,53	21,47	3,61	3271,82				360,656
Barcadera	Willemstad	125,00	67,49	98,96	720,00	90,00	90,00	0,02	19,95	0,16	0,02	0,02	6,443008442
Barcelona	Valencia	296,00	159,83	104,67	1665,00	225,00	180,00	0,02	21,10	0,37	0,05	0,04	11,50273903
Barranquilla	Santa Marta	4356,00	2352,05	3101,31	24,17	3,20	2430,00	0,69	625,21	0,01	0,00	0,54	128,5117708
barranquilla	Cartagena SPRC	1353,00	730,56	1440,95	7515,00	990,00	765,00	0,32	290,49	1,67	0,22	0,17	72,20034688
Buenaventura	Posorja	1050,00	566,95	348,03	5850,00	765,00	585,00	0,08	70,16	1,30	0,17	0,13	38,73649673
Buenaventura	Cartagena CONTECAR	4187,00	2260,80	2269,67	23220,00	3015,00	2295,00	0,50	457,56	5,16	0,67	0,51	172,7660738
Buenaventura	Paita	1161,00	626,89	629,37	6435,00	855,00	630,00	0,14	126,88	1,43	0,19	0,14	47,79938977
Busan	Ningbo	855,00	461,66	172,62	4770,00	630,00	495,00	0,04	34,80	1,06	0,14	0,11	29,57496173
Busan	Cartagena CONTECAR	15960,00	8617,71	5026,73	88380,00	11,52	8,640,	1,12	1013,37	19,64			328,1989905
Busan	Qingdao	887,00	478,94	427,73	4950,00	675,00	495,00	0,10	86,23	1,10	0,15	0,11	35,82278612
busan	manzanillo	11865,00	6406,59	2847,47	65700,00	8550,00	6435,00	0,63	574,04	14,60	1,90	1,43	408,0248748
Callao	San Antonio	2452,00	1323,97	1398,92	13590,00	1800,00	1350,00	0,31	282,02	3,02	0,40	0,30	102,957788
Callao	Posorja	1238,00	668,47	297,14	6885,00	900,00	675,00	0,07	59,90	1,53	0,20	0,15	42,75891175
Callao	Valparaíso	3377,00	1823,43	1715,04	18675,00	2475,00	1845,00	0,38	345,75	4,15	0,55	0,41	136,6310452
Cartagena CONTECAR	Mariel	2260,00	1220,30	1835,42	12555,00	1665,00	1260,00	0,41	370,01	2,79	0,37	0,28	107,5044841
Cartagena CONTECAR	Altamira	5868,00	3168,47	5031,77	32535,00	4275,00	3240,00	1,12	1014,39	7,23	0,95	0,72	283,9705308
Cartagena CONTECAR	Savannah	2997,00	1618,25	2576,48	16605,00	2205,00	1665,00	0,57	519,41	3,69	0,49	0,37	145,4675485
Cartagena CONTECAR	PSA Panama Int.	870,00	469,76	997,34	4815,00	675,00	495,00	0,22	201,06	1,07	0,15	0,11	48,15009282
Cartagena CONTECAR	Kingston	851,00	459,50	300,83	4725,00	630,00	495,00	0,07	60,65	1,05	0,14	0,11	32,31384174
Cartagena CONTECAR	La guaira	2180,00	1177,11	827,60	12105,00	1620,00	1215,00	0,18	166,84	2,69	0,36	0,27	82,76607322
Cartagena CONTECAR	Port Everglades	2072,00	1118,79	1182,11	11475,00	1530,00	1125,00	0,26	238,31	2,55	0,34	0,25	86,62063809
Cartagena CONTECAR	Manzanillo	13122,00	7085,31	4834,71	72675,00	9495,00	7155,00	1,07	974,66	16,15	2,11	1,59	489,8021264
Cartagena CONTECAR	Santos	7711,00	4163,61	2725,65	42705,00	5580,00	4185,00	0,61	549,48	9,49	1,24	0,93	284,7800564
Cartagena CONTECAR	Cristobal	896,00	483,80	1027,53	4950,00	720,00	540,00	0,23	207,15	1,10	0,16	0,12	50,39177488
Cartagena CONTECAR	Santa Marta	222,00	119,87	140,27	1260,00	180,00	135,00	0,03	28,28	0,28	0,04	0,03	10,06167038
Cartagena CONTECAR	Suape	10779,00	5820,19	4294,17	59715,00	7830,00	5850,00	0,95	865,69	13,27	1,74	1,30	408,9783625
Cartagena CONTECAR	Veracruz	3044,00	1643,63	1076,00	16875,00	2205,00	1665,00	0,24	216,92	3,75	0,49	0,37	112,7849351
Cartagena CONTECAR	Paita	2374,00	1281,86	1286,91	13185,00	1710,00	1305,00	0,29	259,44	2,93	0,38	0,29	98,09870823
Cartagena CONTECAR	Puerto Cabello	2295,00	1239,20	873,18	12735,00	1710,00	1305,00	0,19	176,03	2,83	0,38	0,29	87,80239724
Cartagena CONTECAR	Caucedo	1653,00	892,55	520,66	9180,00	1215,00	900,00	0,12	104,96	2,04	0,27	0,20	59,82388603
Cartagena CONTECAR	Charleston	5780,00	3120,95	2814,30	31995,00	4185,00	3150,00	0,63	567,35	7,11	0,93	0,70	230,8904467
Cartagena CONTECAR	Busan	28937,00	15624,73	9113,90	160200,00	20835,00	15660,00	2,03	1837,33	35,60	4,63	3,48	1042,3543
Cartagena SPRC	salvador	6552,00	3537,80	2280,92	36270,00	4725,00	3555,00	0,51	459,83	8,06	1,05	0,79	241,0837777
Cartagena SPRC	philadelphia	7311,00	3947,62	1327,40	35460,00	4635,00	3510,00	0,29	267,60	7,88	1,03	0,78	216,5323959
Caucedo	Cartagena CONTECAR	1964,00	1060,48	1064,66	10890,00	1440,00	1080,00	0,24	214,63	2,42	0,32	0,24	81,19974505
Caucedo	Rotterdam	7630,00	4119,87	2528,78	42255,00	5535,00	4140,00	0,56	509,79	9,39	1,23	0,92	278,0627566
Caucedo	Rio Haina	1538,00	830,45	1412,37	8505,00	1170,00	900,00	0,31	284,73	1,89	0,26	0,20	77,84840844
Caucedo	Colon container terminal	2465,00	1330,99	1599,17	13680,00	1845,00	1395,00	0,36	322,39	3,04	0,41	0,31	108,8683501
Caucedo	Halifax	5434,00	2934,13	4137,71	30015,00	3960,00	2970,00	0,92	834,15	6,67	0,88	0,66	250,3512011
Caucedo	Cartagena SPRC	15755,00	8507,02	8113,19	82845,00	10800,00	8100,00	1,80	1635,59	18,41	2,40	1,80	614,7138742
Caucedo	singapure	21483,00	11599,89	6766,20	118935,00	15480,00	11610,00	1,50	1364,04	26,43	3,44	2,58	773,4964055
charlestan	balboa	40489,00	21862,31	12003,61	224145,00	29205,00	21915,00	2,67	2419,89	49,81	6,49	4,87	1442,05843
Charleston	Cartagena CONTECAR	3137,00	1693,84	1527,44	17370,00	2295,00	1710,00	0,34	307,93	3,86	0,51	0,38	125,4073659
Colon container terminal	barranquilla	594,00	320,73	633,74	3330,00	450,00	360,00	0,14	127,76	0,74	0,10	0,08	32,43658918
Colon container terminal	Manzanillo	30481,00	16458,42	11728,44	171765,00	22005,00	18720,00	2,61	2364,41	38,17	4,89	4,16	1207,32424
Cristobal	Cartagena CONTECAR	499,00	269,44	159,75	2835,00	405,00	315,00	0,04	32,21	0,63	0,09	0,07	19,4508361
Cristobal	Veracruz	3688,00	1991,36	1823,72	20835,00	2700,00	2025,00	0,41	367,66	4,63	0,60	0,45	149,4354374
Cristobal	Cartagena SPRC	13564,00	7323,97	7536,43	70695,00	9225,00	6930,00	1,67	1519,32	15,71	2,05	1,54	538,651892
Dunkirk	London Gateway	183,00	98,81	115,65	1035,00	135,00	135,00	0,03	23,31	0,23	0,03	0,03	8,825614897
Fort de France	Kingston	2114,00	1141,47	1145,97	11745,00	1530,00	1170,00	0,25	231,02	2,61	0,34	0,26	87,58122457
Fort de France	Pointe a Pitre	196,00	105,83	336,29	1125,00	180,00	135,00	0,07	67,79	0,25	0,04	0,03	14,08697708
Fort de France	Caucedo	1001,00	540,50	542,66	5580,00	765,00	585,00	0,12	109,40	1,24	0,17	0,13	42,40022125
Genoa	Marseilles Fos	374,00	201,94	342,90	2115,00	270,00	225,00	0,08	69,13	0,47	0,06	0,05	19,1391499
Guayaquil	Buenaventura	3144,00	1697,62	1793,75	17415,00	2295,00	1755,00	0,40	361,61	3,87	0,51	0,39	132,537908
Guayaquil	Moin APM Terminals	1805,00	974,62	978,48	10035,00	1305,00	990,00	0,22	197,26	2,23	0,29	0,22	74,57225444
Halifax	Port Everglades	3307,00	1785,64	2325,42	18270,00	2385,00	1800,00	0,52	468,80	4,06	0,53	0,40	147,8250765
Halifax	Southampton	6504,00	3511,88	3988,04	36045,00	4725,00	3555,00	0,89	803,98	8,01	1,05	0,79	278,4686222
Hamburg CTB	Antwerp	514,00	277,54	452,42	2880,00	405,00	315,00	0,10	91,21	0,64	0,09	0,07	26,06484498
Hamburg CTB	Cartagena CONTECAR	9052,00	4887,69	3000,06	50130,00	6525,00	4905,00	0,67	604,80	11,14	1,45	1,09	329,5967301
Houston	Puerto Cortes	1866,00	1007,56	1523,16	10350,00	1350,00	1035,00	0,34	307,06	2,30	0,30	0,23	88,687972
houston	Cristobal	4035,00	2178,73	1946,39	22320,00	2970,00	2205,00	0,43	392,39	4,96	0,66	0,49	161,0350409
houston	Veracruz	7144,00	3857,45	5239,89	39600,00	5175,00	3915,00	1,16	1056,34	8,80	1,15	0,87	325,1921447
Kingston	Puerto Cortes	1266,00	683,59	1033,38	7020,00	945,00	720,00	0,23	208,33	1,56	0,21	0,16	60,6905938
Kingston	Barranquilla	7137,00	3853,67	5858,73	39555,00	5220,00	3915,00	1,30	1181,10	8,79	1,16	0,87	338,9717025
Kingston	Moin APM Terminals	1109,00	598,81	700,65	6165,00	810,00	630,00	0,16	141,25	1,37	0,18	0,14	48,5842143
Kingston	Barcadera	1789,00	965,98	1151,42	9945,00	1305,00	990,00	0,26	232,12	2,21	0,29	0,22	78,19490335
Kingston	Buenaventura	2064,00	1114,47	1118,84	11430,00	1530,00	1125,00	0,25	225,55	2,54	0,34	0,25	85,10440699
Kingston	Caucedo	803,00	433,59	533,16	4455,00	585,00	440,00	0,12	107,48	0,99	0,13	0,10	35,33028617
Kingston	Cartagena SPRC	14642,00	7906,05	7509,87	76725,00	9990,00	7515,00	1,67	1513,96	17,05	2,22	1,67	569,5050909
Kingston	new orleans	3957,00	2136,61	1398,74	21915,00	2880,00	2160,00	0,31	281,98	4,87	0,64	0,48	146,4950723
La guaira	manzanillo	1846,00	996,76	1221,84	10260,00	1350,00	1035,00	0,27	246,32	2,28	0,30	0,23	81,7715098
La guaira	Cartagena CONTECAR	1113,00	600,97	441,18	6165,00	810,00	630,00	0,10	88,94	1,37	0,18	0,14	42,8182143
Le Havre	Montoir	809,00	436,83	511,11	4500,00	585,00	450,00	0,11	103,04	1,00	0,13	0,10	35,19547527
Le Havre	Rotterdam	440,00	237,58	172,26	2475,00	360,00	270,00	0,04	34,73	0,55	0,08	0,06	17,60688744
Leghorn	Genoa	148,00	79,91	80,24	855,00	135,00	90,00	0,02	16,18	0,19	0,03	0,02	6,495490615
London Gateway	Hamburg CTB	564,00	304,54	199,08	3150,00	450,00	315,00	0,04	40,13	0,70	0,10	0,07	21,23424267
London Gateway	Antwerp	118,00	63,71	74,57	675,00	90,00	90,00	0,02	15,03	0,15	0,02	0,02	5,790777342
Manzanillo	Panamá	2062,00	1113,39	1474,07	11385,00	1530,00	1215,00	0,33	297,17	2,53	0,34	0,27	95,09279788
manzanillo	balboa	42975,00	23204,64	13826,30	237,87	31005,00	23265,00	3,07	2787,34		6,89	5,17	972,08243
Mariel	Manzanillo	8254,00	4456,80	4577,87	45540,00	6030,00	4545,00	1,02	922,88	10,12	1,34	1,01	343,0814368
Miami	Kingston	2840,00	1533,48	3133,13	15660,00	2070,00	1575,00	0,70	631,63	3,48	0,46	0,35	152,9047068
Moin APM Terminals	Cartagena CONTECAR	820,00	442,76	518,04	4545,00	630,00	450,00	0,12	104,44	1,01	0,14	0,10	35,59749524
Moin APM Terminals	Cartagena SPRC	9210,00	4973,00	4565,34	46620,00	6075,00	4590,00	1,01	920,36	10,36	1,35	1,02	346,6886386
Montoir	Pointe a Pitre	6404,00	3457,88	4045,77	35460,00	4635,00	3465,00	0,90	815,61	7,88	1,03	0,77	275,8383071
New Orleans	Cartagena CONTECAR	2855,00	1541,58	1009,22	15840,00	2070,00	1575,00	0,22	203,46	3,52	0,46	0,35	106,1476312
Norfolk	Cartagena CONTECAR	3897,00	2104,21	2500,56	21645,00	3735,00	3150,00	0,56	504,10	4,81	0,83	0,70	197,1874051
Oakland	PSA Panama Int.	6535,00	3528,62	4302,41	36225,00	4770,00	3600,00	0,96	867,35	8,05	1,06	0,80	287,1356465
Paita	Puerto de Posorja	307,00	165,77	166,46	1710,00	225,00	180,00	0,04	33,56	0,38	0,05	0,04	12,98608124
Panama	Buenaventura	710,00	383,37	297,54	4,01	585,00	405,00	0,07	59,98	0,00	0,13	0,09	18,33387714
Panama	callao	3122,00	1685,75	1709,19	17280,00	2295,00	1710,00	0,38	344,57	3,84	0,51	0,38	129,2257926
Panama	Cartagena CONTECAR	1347,00	727,32	1129,91	7425,00	1035,00	765,00	0,25	227,79	1,65	0,23	0,17	65,20567355
Panama	Manzanillo	7877,00	4253,24	2735,91	43560,00	5715,00	4320,00	0,61	551,55	9,68	1,27	0,96	290,8227469
Panama	Port Everglades	2681,00	1447,62	1889,19	14805,00	1980,00	1485,00	0,42	380,85	3,29	0,44	0,33	120,687005
Panama	Cartagena SPRC	13495,00	7286,72	7456,33	70335,00	9180,00	6930,00	1,66	1503,17	15,63	2,04	1,54	535,8522543
Panama	Cristobal	1012,00	546,44	1133,01	5625,00	765,00	585,00	0,25	228,41	1,25	0,17	0,13	55,62934124
Panamá	Cartagena CONTECAR	571,00	308,32	243,32	3240,00	450,00	315,00	0,05	49,05	0,72	0,10	0,07	22,43781598
panama (balboa)	Manzanillo	7905,00	4268,36	7225,07	43425,00	5760,00	4320,00	1,61	1456,55	9,65	1,28	0,96	390,3889536
Pointe a Pitre	Dunkirk	6996,00	3777,54	4419,77	38745,00	5040,00	3780,00	0,98	891,01	8,61	1,12	0,84	301,1525653
Pointe a Pitre	Fort de France	190,00	102,59	120,06	1080,00	180,00	135,00	0,03	24,20	0,24	0,04	0,03	9,171634871
Port Everglades	Barcadera	2330,00	1258,10	2365,34	12825,00	1755,00	1305,00	0,53	476,84	2,85	0,39	0,29	121,3197594
Port Everglades	Cartagena CONTECAR	2085,00	1125,81	1015,20	11565,00	1530,00	1170,00	0,23	204,66	2,57	0,34	0,26	84,23430017
Posorja	Callao	1259,00	679,81	417,29	6975,00	945,00	720,00	0,09	84,12	1,55	0,21	0,16	46,88947382
Posorja	Manzanillo	3633,00	1961,66	871,88	20115,00	2655,00	1980,00	0,19	175,77	4,47	0,59	0,44	125,27964
PSA Panama Int.	Busan	29855,00	16120,41	9820,00	163530,00	21285,00	16020,00	2,18	1979,68	36,34	4,73	3,56	1076,39889
PSA Panama Int.	Los angeles	5492,00	2965,44	3615,98	30465,00	4005,00	3015,00	0,80	728,97	6,77	0,89	0,67	241,099612
PSA Panama Int.	Cartagena CONTECAR	1347,00	727,32	1129,91	7425,00	1035,00	765,00	0,25	227,79	1,65	0,23	0,17	65,20567355
Puerto Barrios	Cartagena CONTECAR	1701,00		138848,00	9450,00	9450,00	1260,00	30,86	27991,29	2,10	2,10	0,28	3168,460013
puerto barrios	houston	5270,00	2845,57	1906,38	29205,00	3825,00	2880,00	0,42	384,32	6,49	0,85	0,64	196,1639416
Puerto Cabello	Manzanillo	1948,00	1051,84	1590,08	1590,08	1440,00	1080,00	0,35	320,55	0,35	0,32	0,24	70,09484712
Puerto Cortes	puerto barrios	120,00	64,79	97,97	675, 00	90, 00	90, 00	0,02	19,75				2,177111111
Puerto de Posorja	Guayaquil	92,00	49,68	49,91	540,00	90,00	90,00	0,01	10,06	0,12	0,02	0,02	4,912084044
Qingdao	busan	890,00	480,56	706,01	4950,00	675,00	495,00	0,16	142,33	1,10	0,15	0,11	42,00678612
Rio de Janeiro	Cartagena CONTECAR	7478,00	4037,80	2643,30	41400,00	5400,00	4050,00	0,59	532,88	9,20	1,20	0,90	275,895266
Rio de Janeiro	Cartagena SPRC	9187,00	4960,58	3198,20	50895,00	6615,00	4995,00	0,71	644,75	11,31	1,47	1,11	338,3539696
Rio Haina	Miami	26765,00	14451,94	15030,78	148230,00	19350,00	14490,00	3,34	3030,16	32,94	4,30	3,22	1111,311931
Rio Haina	San Juan	444,00	239,74	294,80	2475,00	360,00	270,00	0,07	59,43	0,55	0,08	0,06	20,32999855
Rotterdam	London Gateway	161,00	86,93	94,82	900, 00	135, 00	90, 00	0,02	19,12				2,107111111
Rotterdam	Hamburg CTB	403,00	217,60	354,78	2250, 00	315, 00	225, 00	0,08	71,52				7,884
Salvador	Cartagena CONTECAR	6111,00	3299,68	2160,09	33840,00	4410,00	3330,00	0,48	435,47	7,52	0,98	0,74	225,9701101
San Antonio (Chile)	Callao	2452,00	1323,97	1398,92	13590, 00	1800, 00	1350, 00	0,31	282,02				31,08711111
San Juan	Caucedo	396,00	213,82	373,46	2205, 00	315, 00	225, 00	0,08	75,29				8,299111111
Santa Marta	Cartagena CONTECAR	1690,00	912,53	1067,67	9360, 00	1260, 00	945, 00	0,24	215,24				23,726
Santa Marta	Rio Haina	1537,00	829,91	1412,37	8505,00	1170,00	900,00	0,31	284,73	1,89	0,26	0,20	77,84840844
Santa Marta	Fort de France	1500,00	809,94	947,66	8325, 00	1080, 00	810, 00	0,21	191,05				21,05911111
Santa Marta	manzanillo	7953,00	4294,28	871, 88	20115, 00	2655, 00	1980, 00	#VALOR!	#VALOR!				
Savannah	Willemstad	3047,00	1645,25	2975,68	16920,00	2250,00	1665,00	0,66	599,89	3,76	0,50	0,37	155,2480662
Shanghai	Busan	807,00	435,75	380,48	4500, 00	585, 00	450, 00	0,08	76,70				8,455111111
tauranga	manzanillo	24993,00	13495,14	3804,30	55440, 00	7245, 00	5445, 00	0,85	766,93				
Valencia	Pointe a Pitre	6965,00	3760,80	3775,55	38565,00	5040,00	3780,00	0,84	761,14	8,57	1,12	0,84	286,3956409
valparaiso	panama (balboa)	10865,00	5866,63	1181,34	18180, 00	2385, 00	1800, 00	0,26	238,15				
Veracruz	Altamira	438,00	236,50	171,45	2430, 00	360, 00	270, 00	0,04	34,56				3,81
Veracruz	Kingston	3768,00	2034,56	1331, 91	20880, 00	2745, 00	2070, 00	#VALOR!	#VALOR!				
Veracruz ICAVE	Santa Marta	4872,00	2630,67	1359,54	11925, 00	1575, 00	1170, 00	0,30	274,08				30,212
Willemstad	Cartagena CONTECAR	5005,00	2702,48	3588,75	27720,00	3645,00	2745,00	0,80	723,48	6,16	0,81	0,61	226,0542268
Willemstad	Puerto Cabello	440,00	237,58	348, 30	2475, 00	360, 00	270, 00	#VALOR!	#VALOR!				
Willemstad	Norfolk	5139,00	2774,84	3339,86	28485,00	3780,00	2790,00	0,74	673,30	6,33	0,84	0,62	223,9129442