Salida					Destino								Distancia - Fórmula		Distancia - plataforma		Costo Trayecto							
Terminal	Latitud (DD)	Longitud (DD)	Latitud (rad)	Longitud (rad)	Terminal	Latitud (DD)	Longitud (DD)	Latitud (rad)	Longitud (rad)	delta lat	delta long	a	distancia (km)	distancia (mi)	distancia (km)	distancia (mi)	Flete	BAF	CAF 	THC O	DOC 	THC D	LSS	Total 
Algericiras	36,13326	-5,45051	0,630644356	-0,095129345	Terminal internacional PSA Panamá	8,9369	-79,5755	0,15597833	-1,388854479	5,60648833	-2,019498835	0,586721318	11118,16298	6003,327744	81354	43927,64579	1025	371	56,38	244,98	52	200	75	2024,355
Altamira	23,73425	-99,11011	0,414240808	-1,729797742	Cartagena Contecar	10,39972	-75,51444	0,181509355	-1,317975611	99,29161936	-1,732216419	0,422562524	9016,847307	4868,708049	5868	3168,466523	675	149	37,13	120	70	110	75	1236,125
Altamira	23,73425	-99,11011	0,414240808	-1,729797742	Mariel	22,9919	-82,7667	0,401284356	-1,444551426	99,51139436	-1,858792234	0,326419867	7748,760533	4183,995968	1619	874,1900648	1400	149	77,00	120	70	271	75	2162
Antwerp	51,16720	4,20720	0,893036109	0,073429492	Manzanillo International Terminal (MIT)	9,3597	-79,8828	0,163357582	-1,394217876	-4,04384	-2,287253985	0,414357258	8910,875843	4811,488036	6915	3733,801296	1053	371	57,92	260,39	64,72	303,82	75	2185,845
Antwerp	51,16720	4,20720	0,893036109	0,073429492	Veracruz Icave	19,479496	-99,088622	0,339981342	-1,729422705	-3,86722	-2,622458814	0,447828431	9341,561039	5044,039438	1619	874,1900648	671	371	36,91	260,39	64,72	303,82	75	1782,835
Antwerp	51,16720	4,20720	0,893036109	0,073429492	Santa Marta	11,24079	-74,19904	0,196188796	-1,29501755	-4,01101	-2,188053659	0,447916069	9342,683843	5044,645704	8449	4562,095032	503	371	27,67	260,39	64,72	102	75	1403,775
Antwerp	51,16720	4,20720	0,893036109	0,073429492	Cartagena Contecar	10,39972	-75,51444	0,181509355	-1,317975611	-4,02569	-2,21101172	0,43680223	9200,117718	4967,666155	8471	4573,974082	503	371	27,67	260,39	64,72	110	75	1411,775
Balboa	8,9553	-79,55580	0,156299471	-1,388510649	Altamira	23,73425	-99,11011	0,414240808	-1,729797742	79,97004	-1,886097212	0,254169426	6732,872531	3635,46033	6754	3646,868251	1015	149	55,83	230	55	120	75	1699,825
Balboa	8,9553	-79,55580	0,156299471	-1,388510649	London Gateway	51,5072	-0,1275	0,898970228	-0,002225295	80,45477	-0,158524765	0,329242522	7787,069643	4204,681233	378	204,1036717	882	371	48,51	230	55	226	75	1887,51
Baltimore	39,29038	-76,61219	0,685746495	-1,337134963	Hamburg Ctb	53,57532	10,01534	0,935065732	0,174800659	77,54725573	-0,510945837	0,786518344	13895,16888	7502,790973	7036	3799,136069	1400	89	77,00	160,71	80	260,39	75	2142,1
Barcadera	12,51106	-69,97422	0,21835919	-1,221280531	Caucedo	18,42423	-69,6345	0,321563476	-1,215351298	70,29578348	-1,433710488	0,577338601	10996,96425	5937,885663	682	368,25054	1400	149	77,00	485	50	200	75	2436
Barcelona	41,38879	2,15899	0,722370659	0,037681484	Cartagena Contecar	10,39972	-75,51444	0,181509355	-1,317975611	-1,977480645	-2,04034627	0,30144055	7405,783368	3998,803115	8587	4636,609071	889	371	48,90	244,98	52	110	75	1790,875
Barranquilla	10,98300	-74,95000	0,191689512	-1,308124274	Buenaventura	3,96275	-77,37635	0,069163035	-1,350472071	75,01916	-1,542161582	0,472155043	9652,559302	5211,965066	1530	826,1339093	800	149	44,00	102	67	102	75	1339
Barranquilla	10,98300	-74,95000	0,191689512	-1,308124274	Posorja	-2,71095	-80,25165	-0,047315003	-1,400655523	74,90268	-1,592345034	0,519946945	10261,77483	5540,915136	10532	5686,825054	633	149	34,82	102	67	190	75	1250,815
Buenaventura	3,96275	-77,37635	0,069163035	-1,350472071	Callao	-12,05226	-77,13911	-0,210351619	-1,346331452	77,16599838	-1,415494486	0,434103347	9165,438317	4948,940776	2067	1116,090713	1400	149	77,00	100	35	75	75	1911
Buenaventura	3,96275	-77,37635	0,069163035	-1,350472071	San Antonio	-33,5933	-71,62170	-0,586313692	-1,250034481	76,79003631	-1,319197516	0,287064266	7204,782203	3890,271168	7865	4246,760259	1400	149	77,00	100	35	115	75	1951
Buenaventura	3,96275	-77,37635	0,069163035	-1,350472071	Callao	-12,05226	-77,13911	-0,210351619	-1,346331452	77,16599838	-1,415494486	0,434103347	9165,438317	4948,940776	2067	1116,090713	1400	149	77,00	100	35	75	75	1911
Buenos Aires	-38,04354	-57,5458	-0,663985032	-1,004363681	Posorja	-2,71095	-80,25165	-0,047315003	-1,400655523	57,498485	-0,736670491	0,279365572	7095,919016	3831,48975	4260	2300,215983	1430	149	78,65	215	55	190	75	2192,65
Busan	35,10168	129,03004	0,612639889	2,251999032	Manzanillo International Terminal (MIT)	9,3597	-79,8828	0,163357582	-1,394217876	-128,8666824	-2,006857765	0,314987043	7592,699218	4099,729599	11865	6406,587473	2700	386	148,50	106,51	35,5	303,82	75	3755,33
Busan	35,10168	129,03004	0,612639889	2,251999032	Rotterdam	51,92423	4,50125	0,906248775	0,078561633	-128,1237912	-0,534078256	0,84645026	14884,56968	8037,024663	10900	5885,529158	3031	356	166,71	106,51	35,5	260,39	75	4031,105
Busan	35,10168	129,03004	0,612639889	2,251999032	Savannah	32,08354	81,09983	0,559963409	1,415459056	-128,4700766	0,802819167	0,846077133	14877,9791	8033,466038	12200	6587,473002	3826	868	210,43	106,51	35,5	440	75	5561,44
Busan	35,10168	129,03004	0,612639889	2,251999032	Norfolk	36,84681	-76,28522	0,643098153	-1,33142826	-128,3869418	-1,944068149	0,42458003	9042,86009	4882,753828	855	461,663067	1400	868	77,00	106,51	35,5	440	75	3002,01
Callao	-12,05226	-77,13911	-0,210351619	-1,346331452	Charleston	32,77657	-79,93092	0,572059064	-1,395057728	77,71116906	-1,184706109	0,793573021	14005,52842	7562,380357	5400	2915,766739	1010	386	55,55	75	55	440	75	2096,55
Callao	-12,05226	-77,13911	-0,210351619	-1,346331452	Cartagena Contecar	10,39972	-75,51444	0,181509355	-1,317975611	77,32061936	-1,107623991	0,626147691	11632,47742	6281,035324	3042	1642,548596	754	149	41,47	75	55	110	75	1259,47
Callao	-12,05226	-77,13911	-0,210351619	-1,346331452	Busan	35,10168	129,03004	0,612639889	2,251999032	77,75174989	2,462350651	0,72949112	13045,55033	7044,033657	12900	6965,442765	650	386	35,75	75	55	106,51	75	1383,26
Cartagena Contecar	10,39972	-75,51444	0,181509355	-1,317975611	Ningbo	29,87819	121,62039	0,52147279	2,122676243	76,03591279	1,941166888	0,684749055	12418,76843	6705,598507	17246	9312,095032	482	208	26,51	110	30	90,78	75	1022,29
Cartagena Contecar	10,39972	-75,51444	0,181509355	-1,317975611	La Guaira	10,59574	-66,95663	0,18493055	-1,16861365	75,69937055	-1,350123005	0,403809238	8774,191516	4737,684404	2180	1177,105832	835	149	45,93	110	30	350	75	1594,925
Cartagena Contecar	10,39972	-75,51444	0,181509355	-1,317975611	Manzanillo (Mx)	19,11695	-104,34214	0,33365372	-1,821113892	75,84809372	-2,002623247	0,715378512	12844,75005	6935,610177	13122	7085,313175	850	149	46,75	110	30	303,82	75	1564,57
Cartagena Contecar	10,39972	-75,51444	0,181509355	-1,317975611	Puerto Cortes	15,82562	-87,92968	0,276209175	-1,534662426	75,79064918	-1,716171782	0,585027501	11096,25481	5991,498277	4704	2539,956803	1040	149	57,20	110	30	250	75	1711,2
Cartagena Contecar	10,39972	-75,51444	0,181509355	-1,317975611	Cartagena Contecar	10,39972	-75,51444	0,181509355	-1,317975611	75,69594936	-1,499484966	0,475661899	9697,304716	5236,125657	0	0								
Cartagena Contecar	10,39972	-75,51444	0,181509355	-1,317975611	Puerto Cortes	15,82562	-87,92968	0,276209175	-1,534662426	75,79064918	-1,716171782	0,585027501	11096,25481	5991,498277	4704	2539,956803	1040	149	57,20	110	30	250	75	1711,2
Cartagena Contecar	10,39972	-75,51444	0,181509355	-1,317975611	Puerto Barrios	15,72778	-88,59444	0,274501545	-1,546264677	75,78894155	-1,727774032	0,590448607	11166,41963	6029,384251	1701	918,4665227	800	149	44,00	110	30	180	75	1388
Cartagena Contecar	10,39972	-75,51444	0,181509355	-1,317975611	Houston	29,75757	-95,3512	0,519367574	-1,664192386	76,03380757	-1,845701741	0,645811137	11892,86496	6421,63335	3052	1647,948164	800	386	44,00	110	30	440	75	1885
Cartagena Contecar	10,39972	-75,51444	0,181509355	-1,317975611	Barcadera	12,51106	-69,97422	0,21835919	-1,221280531	75,73279919	-1,402789886	0,431486888	9131,794066	4930,774333	1170	631,74946	1100	149	60,50	110	30	200	75	1724,5
Cartagena Contecar	10,39972	-75,51444	0,181509355	-1,317975611	Cartagena Contecar	10,39972	-75,51444	0,181509355	-1,317975611	75,69594936	-1,499484966	0,475661899	9697,304716	5236,125657	0	0								
Cartagena Contecar	10,39972	-75,51444	0,181509355	-1,317975611	Port Everglades	25,8576	-81,3866	0,451300257	-1,420464137	75,96574026	-1,601973492	0,539217032	10507,76059	5673,736822	2085	1125,809935	800	386	44,00	110	30	440	75	1885
Cartagena Contecar	10,39972	-75,51444	0,181509355	-1,317975611	Rotterdam	51,92423	4,50125	0,906248775	0,078561633	76,42068878	-0,102947722	0,240989615	6538,308161	3530,403974	8500	4589,632829	950	371	52,25	110	30	260,39	75	1848,64
Cartagena Contecar	10,39972	-75,51444	0,181509355	-1,317975611	Cartagena Contecar	10,39972	-75,51444	0,181509355	-1,317975611	75,69594936	-1,499484966	0,475661899	9697,304716	5236,125657	0	0								
Cartagena Contecar	10,39972	-75,51444	0,181509355	-1,317975611	Callao	-12,05226	-77,13911	-0,210351619	-1,346331452	75,30408838	-1,527840807	0,467037854	9587,234911	5176,692716	3042	1642,548596	800	149	44,00	110	30	75	75	1283
Cartagena Contecar	10,39972	-75,51444	0,181509355	-1,317975611	Valparaiso	-33,03932	-71,62625	-0,576644917	-1,250113893	74,93779508	-1,431623249	0,410636058	8862,71697	4785,484325	4445	2400,107991	646	149	35,53	110	30	150	75	1195,53
Cartagena Contecar	10,39972	-75,51444	0,181509355	-1,317975611	Balboa	8,9553	-79,5558	0,156299471	-1,388510649	75,67073947	-1,570020004	0,508644149	10117,69264	5463,116974	1347	727,3218143	981	149	53,96	110	30	230	75	1628,955
Cartagena Contecar	10,39972	-75,51444	0,181509355	-1,317975611	Manzanillo (Mx)	19,11695	-104,34214	0,33365372	-1,821113892	75,84809372	-2,002623247	0,715378512	12844,75005	6935,610177	13122	7085,313175	850	149	46,75	110	30	303,82	75	1564,57
Cartagena Contecar	10,39972	-75,51444	0,181509355	-1,317975611	Miami	25,77417	-80,17111	0,449844128	-1,399249834	75,96428413	-1,58075919	0,529665571	10385,76423	5607,864055	207	111,7710583	800	386	44,00	110	30	440	75	1885
Cartagena Sprc	10,40631	-75,52839	0,181624372	-1,318219084	Kingston	17,99702	-76,79358	0,314107255	-1,340300815	75,84249725	-1,521925188	0,49701762	9969,541692	5383,121864	14642	7906,047516	750	149	41,25	110	30	290	75	1445,25
Cartagena Sprc	10,40631	-75,52839	0,181624372	-1,318219084	Barranquilla	10,98300	-74,95000	0,191689512	-1,308124274	75,72007951	-1,489748647	0,472962624	9662,865041	5217,52972	1353	730,5615551	800	149	44,00	110	30	102	75	1310
Cartagena Sprc	10,40631	-75,52839	0,181624372	-1,318219084	Santa Marta	11,24079	-74,19904	0,196188796	-1,29501755	75,7245788	-1,476641922	0,466935168	9585,923631	5175,984682	186	100,4319654	800	149	44,00	110	30	102	75	1310
Cartagena Sprc	10,40631	-75,52839	0,181624372	-1,318219084	Rio Haina	18,41700	-70,01900	0,321437288	-1,222062089	75,84982729	-1,403686461	0,442264285	9270,230166	5005,523847	1072	578,8336933	700	149	38,50	110	30	150	75	1252,5
Cartagena Sprc	10,40631	-75,52839	0,181624372	-1,318219084	Miami	25,77417	-80,17111	0,449844128	-1,399249834	75,97823413	-1,580874207	0,532719125	10424,74861	5628,913935	207	111,7710583	800	386	44,00	110	30	440	75	1885
Caucedo	18,42423	-69,63450	0,321563476	-1,215351298	Savannah	32,08354	81,09983	0,559963409	1,415459056	70,19446	1,093895581	0,463026852	9536,001137	5149,028691	2220	1198,704104	720	149	39,60	175	55	440	75	1653,6
Caucedo	18,42423	-69,63450	0,321563476	-1,215351298	Cristobal	9,35440	-79,9066	0,16326508	-1,394633264	69,79777	-1,71619674	0,602395295	11321,5606	6113,153674	300	161,987041	667	149	36,69	175	55	220	75	1377,685
Caucedo	18,42423	-69,63450	0,321563476	-1,215351298	Santos	-23,96083	-46,33361	-0,418195375	-0,808674049	69,21630	-1,130237524	0,230055738	6374,132362	3441,756135	192	103,6717063	818	149	44,99	175	55	226,29	75	1543,28
Caucedo	18,42423	-69,63450	0,321563476	-1,215351298	Navegantes	-26,89940	-48,65530	-0,469483097	-0,849195184	69,16502	-1,170758659	0,23695533	6478,037839	3497,860604	6100	3293,736501	1400	149	77,00	175	55	215,77	75	2146,77
Caucedo	18,42423	-69,63450	0,321563476	-1,215351298	Poto Itapoa	-26,17904	-48,60622	-0,456910443	-0,848338576	69,17759	-1,169902052	0,238490248	6501,009983	3510,26457	6100	3293,736501	1199	149	65,95	175	55	179,63	75	1898,575
Caucedo	18,42423	-69,63450	0,321563476	-1,215351298	Paranagua	-25,50469	-48,51082	-0,445140815	-0,846673532	69,18936	-1,168237007	0,239650092	6518,334939	3519,619298	6400	3455,723542	686	149	37,73	175	55	228,49	75	1406,22
Caucedo	18,42423	-69,63450	0,321563476	-1,215351298	Santos	-23,96083	-46,33361	-0,418195375	-0,808674049	69,21630	-1,130237524	0,230055738	6374,132362	3441,756135	192	103,6717063	818	149	44,99	175	55	226,29	75	1543,28
Charleston	32,77657	-79,93092	0,572059064	-1,395057728	Salvador	-12,97111	-38,51083	-0,226388577	-0,672140781	79,70453142	-1,244199845	0,638361001	11793,85215	6368,170705	7343	3964,902808	1975	386	108,63	420	50	195,71	75	3210,335
Charleston	32,77657	-79,93092	0,572059064	-1,395057728	Cartagena Contecar	10,39972	-75,51444	0,181509355	-1,317975611	80,11242936	-1,890034675	0,383610641	8510,779418	4595,453249	3137	1693,844492	940	386	51,70	420	50	110	75	2032,7
Charleston	32,77657	-79,93092	0,572059064	-1,395057728	Cristobal	9,3544	-79,9066	0,16326508	-1,394633264	80,09418508	-1,966692328	0,38603474	8542,52096	4612,592311	2960	1598,272138	1400	386	77,00	420	50	220	75	2628
Charleston	32,77657	-79,93092	0,572059064	-1,395057728	Veracruz	19,4795	-99,08862	0,339981412	-1,72942267	80,27090141	-2,301481734	0,279724083	7101,008578	3834,237893	2604	1406,047516	780	386	42,90	420	50	303,82	75	2057,72
Chiwan	22,49090	113,88450	0,392540257	1,987659492	London Gateway	51,50720	-0,12750	0,898970228	-0,002225295	-112,98553	-0,394765552	0,020017283	1808,838625	976,6947219	21300	11501,07991	2230	356	122,65	87,99	30	226	75	3127,64
Colon container terminal	9,35890	-79,8997	0,163343619	-1,394512836	Antwerp	51,16720	4,20720	0,893036109	0,073429492	80,79273611	-0,089914127	0,184513487	5657,381353	3054,741551		0	1400	371	77,00	235	55	260,39	75	2473,39
Colon container terminal	9,35890	-79,8997	0,163343619	-1,394512836	Le Havre	49,49437	0,10800	0,863839718	0,001884956	80,76353972	-0,161458664	0,195358723	5833,547711	3149,863775	8300	4481,641469	1400	371	77,00	235	55	244,11	75	2457,11
Cristobal	9,35440	-79,9066	0,16326508	-1,394633264	Montoir De Bretagne	47,32660	-2,14998	0,826004994	-0,03752423	80,73260499	-0,200789309	0,207292761	6023,176058	3252,254891	7800	4211,663067	1400	371	77,00	220	56	248	75	2447
Cristobal	9,35440	-79,9066	0,16326508	-1,394633264	Pointe A Pitre	16,23824	-61,53211	0,283410753	-1,073937915	80,19001075	-1,237202995	0,394930138	8658,688834	4675,317945	1570	847,7321814	1400	371	77,00	220	56	361,29	75	2560,29
Cristobal	9,35440	-79,9066	0,16326508	-1,394633264	Kingston	17,99702	-76,79358	0,314107255	-1,340300815	80,22070725	-1,503565895	0,355192358	8135,585139	4392,864546	560	302,3758099	1400	149	77,00	220	56	290	75	2267
Dunkirk	51,03060	2,30202	0,890651989	0,040177828	Moin Apm Terminals	10,00420	-83,07670	0,174606229	-1,449961947	-2,127413771	-2,340613936	0,206489202	6010,53777	3245,430761	10700	5777,537797	1017	208	55,94	248,45	17,33	175	75	1796,715
Fort De France	14,60000	-61,08333	0,254818071	-1,066105227	Cartagena Contecar	10,39972	-75,51444	0,181509355	-1,317975611	61,26483936	-1,572793682	0,410990892	8867,311951	4787,965416	1325	715,4427646	1400	371	77,00	369,97	40,14	110	75	2443,11
Fort De France	14,60000	-61,08333	0,254818071	-1,066105227	Santa Marta	11,24079	-74,19904	0,196188796	-1,29501755	61,2795188	-1,549835621	0,405886117	8801,147754	4752,239608	1260	680,3455724	1400	371	77,00	369,97	40,14	102	75	2435,11
Fort De France	14,60000	-61,08333	0,254818071	-1,066105227	Fort De France	14,60000	-61,08333	0,254818071	-1,066105227	61,33814807	-1,320923297	0,397103484	8687,000647	4690,605101	0	0								
Genoa	44,42640	8,91519	0,775386955	0,155599419	Pointe A Pitre	16,23824	-61,53211	0,283410753	-1,073937915	-8,631779247	-1,84932487	0,316578254	7614,508656	4111,505754	8100	4373,650108	1400	208	77,00	189,87	81,37	361,29	75	2392,53
Guayaquil	-2,27850	-79,90790	-0,039767327	-1,394655953	Dunkirk	51,03060	2,30202	0,890651989	0,040177828	80,79855	0,079945155	0,182324529	5621,346313	3035,284187	11500	6209,50324	1183	371	65,07	150	100	100	75	2044,065
Guayaquil	-2,27850	-79,90790	-0,039767327	-1,394655953	Altamira	23,73425	-99,11011	0,414240808	-1,729797742	80,32214	-1,690030415	0,291911834	7272,880135	3927,041109	3300	1781,857451	900	149	49,50	150	100	120	75	1543,5
Halifax	51,21989	44,03460	0,893955723	0,768548755	Houston	29,75757	-95,35120	0,519367574	-1,664192386	-43,51523	-2,558148109	0,848789747	14926,04278	8059,418347	3700	1997,840173	1400	178	77,00	420	50	440	75	2640
Halifax	51,21989	44,03460	0,893955723	0,768548755	New Orleans	29,95465	-90,07507	0,522807269	-1,572106545	-43,51179	-2,466062268	0,824552645	14508,0667	7833,729321	3300	1781,857451	1400	178	77,00	420	50	420	75	2620
Hamburg Ctb	53,57532	10,01534	0,935065732	0,174800659	Cartagena Contecar	10,39972	-75,51444	0,181509355	-1,317975611	-9,833830645	-2,253041343	0,292688798	7283,763658	3932,917742	10600	5723,542117	800	371	44,00	277,34	17,33	110	75	1694,67
Hamburg Ctb	53,57532	10,01534	0,935065732	0,174800659	Suape	-8,39438	-34,97405	-0,14650957	-0,610412325	-10,16184957	-1,545478057	0,469756727	9621,94824	5195,436415	10600	5723,542117	1400	371	77,00	277,34	17,33	333,59	75	2551,26
Houston	29,75757	-95,35120	0,519367574	-1,664192386	Santos	-23,96083	-46,33361	-0,418195375	-0,808674049	94,93300	-1,328041623	0,269237068	6951,282718	3753,392396	7470	4033,477322	800	386	44,00	440	50	226,29	75	2021,29
Houston	29,75757	-95,35120	0,519367574	-1,664192386	Buenos Aires	-38,04354	-57,5458	-0,663985032	-1,004363681	94,68721	-1,523731255	0,216568957	6167,793771	3330,342209	5700	3077,75378	1400	386	77,00	440	50	220	75	2648
Houston	29,75757	-95,35120	0,519367574	-1,664192386	Montevideo	-34,90111	-56,16453	-0,609139282	-0,980255971	94,74206	-1,499623545	0,231461812	6395,394437	3453,236737	5666	3059,395248	1095	386	60,23	440	50	270	75	2376,225
Houston	29,75757	-95,35120	0,519367574	-1,664192386	Rio Grande	-30,02770	-51,22870	-0,524082232	-0,894109487	94,82712	-1,41347706	0,24606801	6613,690216	3571,107028	5200	2807,775378	1000	386	55,00	440	50	209,9	75	2215,9
Kingston	17,99702	-76,79358	0,314107255	-1,340300815	Navegantes	-26,89940	-48,65530	-0,469483097	-0,849195184	76,3240969	-1,163302438	0,246415643	6618,831026	3573,882843	4630	2500	1300	149	71,50	290	50	215,77	75	2151,27
Kingston	17,99702	-76,79358	0,314107255	-1,340300815	Cartagena Contecar	10,39972	-75,51444	0,181509355	-1,317975611	76,97508936	-1,632082865	0,59412907	11214,13608	6055,149071	685	369,8704104	1300	149	71,50	290	50	110	75	2045,5
Kingston	17,99702	-76,79358	0,314107255	-1,340300815	Veracruz	19,4795	-99,08862	0,339981412	-1,72942267	77,13356141	-2,043529925	0,701637162	12652,09595	6831,585288	2400	1295,896328	1000	149	55,00	290	50	303,82	75	1922,82
Kingston	17,99702	-76,79358	0,314107255	-1,340300815	Paita	-5,08170	-81,17700	-0,088692397	-1,416805927	76,7048876	-1,730913181	0,470250939	9628,256856	5198,842795	3330	1798,056156	725	149	39,88	290	50	75	75	1403,875
Kingston	17,99702	-76,79358	0,314107255	-1,340300815	Buenaventura	3,96275	-77,37635	0,069163035	-1,350472071	76,86274303	-1,664579325	0,542176522	10545,59602	5694,166315	1940	1047,516199	667	149	36,69	290	50	100	75	1367,685
Kingston	17,99702	-76,79358	0,314107255	-1,340300815	Cartagena Contecar	10,39972	-75,51444	0,181509355	-1,317975611	76,97508936	-1,632082865	0,59412907	11214,13608	6055,149071	685	369,8704104	860	149	47,30	290	50	110	75	1581,3
Kingston	17,99702	-76,79358	0,314107255	-1,340300815	Cartagena Contecar	10,39972	-75,51444	0,181509355	-1,317975611	76,97508936	-1,632082865	0,59412907	11214,13608	6055,149071	14642	7906,047516	860	149	47,30	290	50	110	75	1581,3
Kingston	17,99702	-76,79358	0,314107255	-1,340300815	Puerto Cabello	10,46670	-68,01670	0,182678377	-1,187115361	76,97625838	-1,501222616	0,583471828	11076,14489	5980,639788	1100	593,9524838	1680	149	92,40	290	50	350	75	2686,4
La Guaira	10,59574	-66,95663	0,18493055	-1,16861365	Manzanillo International Terminal (MIT)	9,35970	-79,88280	0,163357582	-1,394217876	67,11998758	-1,579148425	0,430039137	9113,167372	4920,716723	2060	1112,311015	950	149	52,25	350	85	303,82	75	1965,07
Le Havre	49,49437	0,10800	0,863839718	0,001884956	Cartagena Contecar	10,39972	-75,51444	0,181509355	-1,317975611	0,07351	-2,181815329	0,770766231	13653,40502	7372,248931	7800	4211,663067	525	371	28,88	248,45	17,33	110	75	1375,655
Le Havre	49,49437	0,10800	0,863839718	0,001884956	Rio Haina	18,41700	-70,01900	0,321437288	-1,222062089	0,21344	-2,085901807	0,715309019	12843,7689	6935,080401	7200	3887,688985	1400	371	77,00	248,45	17,33	128	75	2316,78
Leghorn	35,88556	14,54750	0,626321176	0,253901773	San Juan	18,46633	-66,10572	0,322298259	-1,153762468	-14,22520	-1,780083644	0,315467164	7599,282968	4103,28454	8100	4373,650108	1400	208	77,00	189,87	81,37	210	75	2241,24
London Gateway	51,50720	-0,12750	0,898970228	-0,002225295	Caucedo	18,42423	-69,63450	0,321563476	-1,215351298	0,44906	-2,114321526	0,763426441	13542,77063	7312,511141	8100	4373,650108	1351	208	74,31	226	33,64	175	75	2142,945
London Gateway	51,50720	-0,12750	0,898970228	-0,002225295	Colon container terminal	9,35890	-79,8997	0,163343619	-1,394512836	0,29084	-2,293483065	0,833989394	14667,86263	7920,012219	7800	4211,663067	1124	208	61,82	226	33,64	235	75	1963,46
Los Angeles	34,05223	-118,24368	0,594323531	-2,063741536	Le Havre	49,49437	0,10800	0,863839718	0,001884956	119,1075197	-0,592438576	0,041787638	2623,213526	1416,42199	10400	5615,550756	1400	89	77,00	420	50	248,45	75	2359,45
Manzanillo International Terminal (MIT)	9,3597	-79,8828	0,163357582	-1,394217876	Rotterdam	51,92423	4,50125	0,906248775	0,078561633	80,78904878	-0,084795949	0,185961673	5681,130746	3067,565197	8900	4805,615551	1454	208	79,97	303,82	60	260,39	75	2441,18
Manzanillo International Terminal (MIT)	9,3597	-79,8828	0,163357582	-1,394217876	Hamburg Ctb	53,57532	10,01534	0,935065732	0,174800659	80,81786573	0,011443077	0,175121538	5501,560534	2970,60504	12804	6913,606911	2537	208	139,54	303,82	60	277,34	75	3600,695
Manzanillo International Terminal (MIT)	9,3597	-79,8828	0,163357582	-1,394217876	Antwerp	51,16720	4,20720	0,893036109	0,073429492	80,77583611	-0,08992809	0,191096402	5764,769696	3112,726618	12465	6730,561555	1344	208	73,92	303,82	60	260,39	75	2325,13
Mariel	22,99190	-82,46670	0,401284356	-1,439315438	Halifax	51,21989	44,0346	0,893955723	0,768548755	83,36066	0,367264399	0,56888785	10888,11336	5879,110885	2986	1612,311015	1400	386	77,00	271	45	420	75	2674
Marsaxlok	35,84194	14,54306	0,625559863	0,25382428	Port Everglades	25,85760	-81,38660	0,451300257	-1,420464137	-14,09175974	-2,046024	0,218365939	6195,546382	3345,32742	8904	4807,775378	1400	386	77,00	125,96	40	440	75	2543,96
Marseilles Fos	43,29695	5,38107	0,755674334	0,093917389	Terminal internacional PSA Panamá	8,9369	-79,5755	0,15597833	-1,388854479	-5,22509	-2,144528812	0,727148865	13012,00341	7025,919766	340	183,5853132	1631	371	89,71	249,27	40,1	200	75	2656,075
Melbourne	-37,82420	144,96790	-0,660156827	2,530167165	Los Angeles	34,05223	-118,24368	0,594323531	-2,063741536	-144,37358	-1,403584709	0,315109253	7594,375294	4100,634608	17000	9179,265659	1400	594	77,00	390,35	78,99	420	75	3035,34
Miami	25,77417	-80,17111	0,449844128	-1,399249834	Oakland	37,76990	-122,22600	0,659209113	-2,133246132	80,83031911	-2,58309026	0,214579555	6136,972056	3313,699814	7800	4211,663067	1400	178	77,00	440	50	420	75	2640
Miami	25,77417	-80,17111	0,449844128	-1,399249834	Terminal internacional PSA Panamá	8,9369	-79,5755	0,15597833	-1,388854479	80,32708833	-1,838698607	0,430373851	9117,474459	4923,042364	1000	539,9568035	1400	178	77,00	440	50	200	75	2420
Moin Apm Terminals	10,0042	-83,07670	0,174606229	-1,449961947	Cartagena Contecar	10,39972	-75,51444	0,181509355	-1,317975611	83,25821	-1,49258184	0,582161349	11059,21288	5971,497234	1100	593,9524838	820	371	45,10	175	60	110	75	1656,1
Moin Apm Terminals	10,0042	-83,07670	0,174606229	-1,449961947	Caucedo	18,42423	-69,6345	0,321563476	-1,215351298	83,39826	-1,389957527	0,64070063	11824,89706	6384,933617	1617	873,1101512	820	371	45,10	175	60	150	75	1696,1
Montevideo	-34,90111	-56,16453	-0,609139282	-0,980255971	Halifax	51,21989	44,0346	0,893955723	0,768548755	57,05848572	1,377688037	0,298207006	7360,820806	3974,525273	8765	4732,721382	3505	386	192,78	270	57	420	75	4905,775
Montoir De Bretagne	47,32660	-2,14998	0,826004994	-0,03752423	Southampton	50,89700	-1,40416	0,888320229	-0,024507215	3,038300229	-0,850512209	0,938578817	16823,94457	9084,203334	690	372,5701944	1400	208	77,00	248	40,14	202	75	2250,14
Napier	-39,48333	176,91667	-0,689114108	3,087778393	Kingston	17,99702	-76,79358	0,314107255	-1,340300815	-176,6025627	-0,651186707	0,162737521	5290,958029	2856,888785	12400	6695,464363	3100	668	170,50	217,95	36,25	290	75	4557,7
Navegantes	-26,89940	-48,65530	-0,469483097	-0,849195184	Barcadera	12,51106	-69,97422	0,21835919	-1,221280531	48,87366	-0,751797434	0,405809798	8800,157583	4751,704958	2500	1349,892009	5126	149	281,93	215,77	73,39	485	75	6406,09
Navegantes	-26,89940	-48,65530	-0,469483097	-0,849195184	Willemstad	12,10840	-68,93354	0,211331447	-1,203117238	48,86663	-0,733634141	0,409498218	8847,978238	4777,526047	2530	1366,090713	2200	149	121,00	215,77	73,39	485	75	3319,16
New Orleans	29,95465	-90,07507	0,522807269	-1,572106545	Puerto Cabello	10,46670	-68,01670	0,182678377	-1,187115361	90,25774838	-1,70992263	0,542884665	10554,65199	5699,05615	3350	1808,855292	2455	386	135,03	420	50	350	75	3871,025
New Orleans	29,95465	-90,07507	0,522807269	-1,572106545	La Guaira	10,59574	-66,95663	0,18493055	-1,16861365	90,26000055	-1,691420918	0,548482279	10626,27676	5737,730434	3380	1825,053996	2455	386	135,03	420	50	350	75	3871,025
New York	40,71427	-74,00597	0,710598064	-1,291647843	Cartagena Contecar	10,39972	-75,51444	0,181509355	-1,317975611	74,18747936	-2,028573675	0,449777562	9366,528105	5057,520575	3250	1754,859611	840	386	46,20	420	50	110	75	1927,2
Ningbo	29,87819	121,62039	0,52147279	2,122676243	Baltimore	39,29038	-76,61219	0,685746495	-1,337134963	-120,9346435	-1,858607753	0,183508148	5640,85197	3045,816398	11200	6047,516199	1400	868	77,00	90,78	65,36	160,71	75	2736,85
Norfolk	36,84681	-76,28522	0,643098153	-1,33142826	Charleston	32,77657	-79,93092	0,572059064	-1,395057728	76,85727906	-2,038155882	0,829479217	14591,05224	7878,537927	500	269,9784017	1400	178	77,00	440	50	420	75	2640
Norfolk	36,84681	-76,28522	0,643098153	-1,33142826	Port Everglades	25,85760	-81,38660	0,451300257	-1,420464137	76,73652026	-2,06356229	0,803508539	14163,35697	7647,600954	1055	569,6544276	1400	178	77,00	440	50	420	75	2640
Oakland	37,76990	-122,22600	0,659209113	-2,133246132	Cartagena Contecar	10,39972	-75,51444	0,181509355	-1,317975611	122,40751	-1,977184724	0,340397876	7937,67119	4285,999563	7800	4211,663067	1400	386	77,00	420	50	110	75	2518
Paita	-5,08170	-81,17700	-0,088692397	-1,416805927	Manzanillo International Terminal (MIT)	9,3597	-79,8828	0,163357582	-1,394217876	81,34036	-1,305525479	0,347468611	8032,505694	4337,206098	4203	2269,438445	1110	149	61,05	75	55	303,82	75	1828,87
Terminal internacional PSA Panamá	8,9369	-79,5755	0,15597833	-1,388854479	Manzanillo International Terminal (MIT)	9,3597	-79,8828	0,163357582	-1,394217876	79,73885758	-1,550196206	0,435233167	9179,95898	4956,781307	7877	4253,239741	685	149	37,68	200	55	303,82	75	1505,495
Terminal internacional PSA Panamá	8,9369	-79,5755	0,15597833	-1,388854479	Port Everglades	25,85760	-81,38660	0,451300257	-1,420464137	80,02680026	-1,576442467	0,311120024	7539,572252	4071,043333	2681	1447,62419	515	386	28,33	200	55	440	75	1699,325
Terminal internacional PSA Panamá	8,9369	-79,5755	0,15597833	-1,388854479	New York	40,71427	-74,00597	0,710598064	-1,291647843	80,28609806	-1,447626173	0,243191266	6571,054254	3548,085451	3200	1727,861771	515	386	28,33	200	55	440	75	1699,325
Terminal internacional PSA Panamá	8,9369	-79,5755	0,15597833	-1,388854479	Ningbo	29,87819	121,6203873	0,52147279	2,122676196	80,09697279	1,966697866	0,200482202	5915,474638	3194,100777	12400	6695,464363	420	89	23,10	200	55	90,78	75	952,88
Terminal internacional PSA Panamá	8,9369	-79,5755	0,15597833	-1,388854479	Busan	35,10168	129,03004	0,612639889	2,251999032	80,18813989	2,096020702	0,148083929	5033,208154	2717,714986	1050	566,9546436	420	208	23,10	200	55	106,51	75	1087,61
Terminal internacional PSA Panamá	8,9369	-79,5755	0,15597833	-1,388854479	Cartagena Contecar	10,39972	-75,51444	0,181509355	-1,317975611	79,75700936	-1,473953941	0,446608007	9325,923009	5035,595577	571	308,3153348	710	149	39,05	200	55	110	75	1338,05
Terminal internacional PSA Panamá	8,9369	-79,5755	0,15597833	-1,388854479	Charleston	32,77657	-79,93092	0,572059064	-1,395057728	80,14755906	-1,551036058	0,271391961	6982,19503	3770,08371	1347	727,3218143	475	386	26,13	200	55	440	75	1657,125
Terminal internacional PSA Panamá	8,9369	-79,5755	0,15597833	-1,388854479	Savannah	32,08354	81,09983	0,559963409	1,415459056	80,13546341	1,259480726	0,337719213	7901,62099	4266,534012	3050	1646,868251	515	386	28,33	200	55	440	75	1699,325
Terminal internacional PSA Panamá	8,9369	-79,5755	0,15597833	-1,388854479	Willemstad	12,10840	-68,93354	0,211331447	-1,203117238	79,78683145	-1,359095568	0,462163168	9524,965149	5143,069735	1370	739,7408207	637	149	35,04	200	55	485	75	1636,035
Balboa	8,9553	-79,5558	0,156299471	-1,388510649	Norfolk	36,84681	-76,28522	0,643098153	-1,33142826	80,19889815	-1,48772773	0,262626128	6855,953718	3701,918854	7905	4268,358531	515	386	28,33	230	55	440	75	1729,325
Paranagua	-25,50469	-48,51082	-0,445140815	-0,846673532	Cartagena Contecar	10,39972	-75,51444	0,181509355	-1,317975611	48,69232936	-0,872834796	0,469048199	9612,90323	5190,5525	2860	1544,276458	800	149	44,00	228,49	73,39	110	75	1479,88
Paranagua	-25,50469	-48,51082	-0,445140815	-0,846673532	Busan	35,10168	129,03004	0,612639889	2,251999032	49,12345989	2,697139847	0,149807461	5064,049691	2734,368084	19050	10286,17711	900	208	49,50	228,49	73,39	106,51	75	1640,89
Philadelphia	39,95233	-75,16379	0,697299702	-1,311855614	Qingdao	36,02470	120,357	0,628749627	2,100625928	75,79253963	1,403326225	0,366128606	8280,686898	4471,213228	1800	971,9222462	1400	868	77,00	420	50	95,75	75	2985,75
Pointe A Pitre	16,23824	-61,53211	0,283410753	-1,073937915	Marsaxlok	35,84194	14,54306	0,625559863	0,25382428	62,15766986	-0,029586472	0,109438944	4296,190559	2319,757321	9050	4886,609071	1400	208	77,00	361,29	40,14	125,96	75	2287,39
Pointe A Pitre	16,23824	-61,53211	0,283410753	-1,073937915	Leghorn	35,88556	14,5475	0,626321176	0,253901773	62,15843118	-0,02950898	0,109201154	4291,335555	2317,135829	7950	4292,656587	1400	208	77,00	361,29	40,14	189,87	75	2351,3
Port Chalmers	-45,81590	170,62135	-0,799638305	2,977904332	Genoa	44,42640	8,91519	0,775386955	0,155599419	-169,845963	0,955237724	0,09459669	3983,578783	2150,960466	20100	10853,13175	1400	594	77,00	420	54,19	189,87	75	2810,06
Port Everglades	25,85760	-81,38660	0,451300257	-1,420464137	Marseilles Fos	43,29695	5,38107	0,755674334	0,093917389	82,14227	-0,357382868	0,074167134	3514,503747	1897,680209	8630	4659,827214	1400	89	77,00	420	50	249,27	75	2360,27
Port Everglades	25,85760	-81,38660	0,451300257	-1,420464137	Barcelona	41,38879	2,15899	0,722370659	0,037681484	82,10897	-0,413618773	0,075278528	3541,432491	1912,220567	8200	4427,645788	1400	89	77,00	420	50	244,98	75	2355,98
Port Everglades	25,85760	-81,38660	0,451300257	-1,420464137	Valencia	39,46975	-0,37739	0,688877092	-0,006586698	82,07548	-0,457886955	0,076367625	3567,644397	1926,373864	7620	4114,470842	1400	89	77,00	420	50	281,8	75	2392,8
Posorja	-2,71095	-80,25165	-0,047315003	-1,400655523	Pointe A Pitre	16,23824	-61,53211	0,283410753	-1,073937915	80,53506075	-1,026622912	0,326636506	7751,703759	4185,585183	4750	2564,794816	1400	445	77,00	190	30	361,29	75	2578,29
Posorja	-2,71095	-80,25165	-0,047315003	-1,400655523	Fort De France	14,60000	-61,08333	0,254818071	-1,066105227	80,50646807	-1,018790223	0,339549646	7926,262958	4279,83961	4650	2510,799136	528	445	29,04	190	30	369,97	75	1667,01
Poto Itapoa	-26,17904	-48,60622	-0,456910443	-0,848338576	Caucedo	18,42423	-69,6345	0,321563476	-1,215351298	48,92778348	-0,758440855	0,373016461	8371,600462	4520,302625	3250	1754,859611	1400	149	77,00	179,63	25,27	175	75	2080,9
Terminal internacional PSA Panamá	8,9369	-79,5755	0,15597833	-1,388854479	Cartagena Sprc	10,40631	-75,52839	0,181624372	-1,318219084	79,75712437	-1,474197414	0,446498066	9324,514079	5034,834816	1090	588,5529158	1400	149	77,00	200	55	110	75	2066
Terminal internacional PSA Panamá	8,9369	-79,5755	0,15597833	-1,388854479	Buenaventura	3,96275	-77,37635	0,069163035	-1,350472071	79,64466303	-1,506450401	0,486632002	9837,188063	5311,656622	860	464,362851	86	149	4,73	200	55	100	75	669,73
Terminal internacional PSA Panamá	8,9369	-79,5755	0,15597833	-1,388854479	Paita	-5,08170	-81,17700	-0,088692397	-1,416805927	79,4868076	-1,572784257	0,537592234	10486,99608	5662,524879	1080	583,1533477	318	149	17,49	200	55	75	75	889,49
Puerto Barrios	15,72778	-88,59444	0,274501545	-1,546264677	Puerto De Posorja	-2,71748	-80,30042	-0,047428973	-1,40150672	88,54701103	-1,676008265	0,528422673	10369,90043	5599,298291	2480	1339,092873	1400	149	77,00	180	35	190	75	2106
Puerto Barrios	15,72778	-88,59444	0,274501545	-1,546264677	Guayaquil	-2,27850	-79,90790	-0,039767327	-1,394655953	88,55467267	-1,669157498	0,52793952	10363,73429	5595,968838	2260	1220,302376	1400	149	77,00	180	35	150	75	2066
Puerto Cabello	10,46670	-68,01670	0,182678377	-1,187115361	Moin Apm Terminals	10,00420	-83,07670	0,174606229	-1,449961947	68,19131	-1,632640324	0,436504214	9196,289553	4965,599111	1830	988,1209503	389	371	21,40	350	85	175	75	1466,395
Puerto Cabello	10,46670	-68,01670	0,182678377	-1,187115361	Cartagena Sprc	10,40631	-75,52839	0,181624372	-1,318219084	68,19832	-1,500897461	0,403949599	8776,013994	4738,668463	830	448,1641469	427	149	23,49	350	85	110	75	1219,485
Puerto Cortes	-87,92968	15,82562	-1,534662426	0,276209175	Algericiras	36,13326	-5,45051	0,630644356	-0,095129345	-15,19497564	1,439533081	0,587098792	11123,0471	6005,964956	7500	4049,676026	841	371	46,26	180	55	244,98	75	1813,235
Puerto De Posorja	-2,71748	-80,30042	-0,047428973	-1,40150672	Chiwan	22,49090	113,8845	0,392540257	1,987659492	80,69296026	2,035088465	0,351195988	8082,315332	4364,101151	8558	4620,950324	1400	89	77,00	190	30	87,99	75	1948,99
Qingdao	36,02470	120,35700	0,628749627	2,100625928	Ningbo	29,87819	121,6203873	0,52147279	2,122676196	-119,83553	1,493926569	0,27498794	7033,609342	3797,845217	1150	620,950324	1400	57	77,00	95,75	63,46	90,78	75	1858,99
Qingdao	36,02470	120,35700	0,628749627	2,100625928	Shanghai	31,22222	121,45806	0,544930539	2,11984305	-119,81207	1,491093423	0,266199483	6907,574861	3729,792041	650	350,9719222	1400	57	77,00	95,75	63,46	94,76	75	1862,97
Rio De Janeiro	-22,90642	-43,18223	-0,399792449	-0,753672092	Qingdao	36,02470	120,357	0,628749627	2,100625928	43,81097963	2,500418377	0,514801002	10196,16532	5505,488835	19300	10421,16631	1400	208	77,00	145,07	82,9	95,75	75	2083,72
Rio De Janeiro	-22,90642	-43,18223	-0,399792449	-0,753672092	Busan	35,10168	129,03004	0,612639889	2,251999032	43,79486989	2,651791481	0,545209729	10584,39362	5715,115344	18600	10043,19654	1400	208	77,00	145,07	82,9	106,51	75	2094,48
Rio De Janeiro	-22,90642	-43,18223	-0,399792449	-0,753672092	Manzanillo International Terminal (MIT)	9,3597	-79,8828	0,163357582	-1,394217876	43,34558758	-0,994425427	0,254356837	6735,614542	3636,940897	5800	3131,74946	1325	149	72,88	145,07	82,9	303,82	75	2153,665
Rio Grande	-30,02770	-51,22870	-0,524082232	-0,894109487	Balboa	8,9553	-79,5558	0,156299471	-1,388510649	51,38500	-0,864428417	0,38088863	8475,091749	4576,18345	3150	1700,863931	1408	149	77,44	211,39	73,39	230	75	2224,22
Rio Haina	18,41700	-70,01900	0,321437288	-1,222062089	Manzanillo International Terminal (MIT)	9,3597	-79,8828	0,163357582	-1,394217876	70,18236	-1,715655164	0,607943661	11393,87612	6152,200929	2930	1582,073434	1450	149	79,75	175	55	303,82	75	2287,57
Rio Haina	18,41700	-70,01900	0,321437288	-1,222062089	Cartagena Sprc	10,40631	-75,52839	0,181624372	-1,318219084	70,20062	-1,639656373	0,591895241	11185,16695	6039,506995	1160	626,349892	484	149	26,62	175	55	110	75	1074,62
Rotterdam	51,92423	4,50125	0,906248775	0,078561633	Caucedo	18,42423	-69,6345	0,321563476	-1,215351298	-4,179686524	-2,121600073	0,60248441	11322,72071	6113,780083	6850	3698,704104	1396	371	76,78	260,39	17,33	150	75	2346,5
Rotterdam	51,92423	4,50125	0,906248775	0,078561633	Singapure	1,25937	103,75445	0,021980153	1,810856766	-4,479269847	0,904607991	0,575487143	10973,09254	5924,995973	10500	5669,546436	415	356	22,83	260,39	17,33	170,42	75	1316,965
Salvador	-12,97111	-38,51083	-0,226388577	-0,672140781	Houston	29,75757	-95,3512	0,519367574	-1,664192386	39,03019757	-1,437803809	0,640422708	11821,20695	6382,941119	8558	4620,950324	305	386	16,78	195,71	73,39	440	75	1491,875
Salvador	-12,97111	-38,51083	-0,226388577	-0,672140781	Veracruz	19,47945	-99,08862	0,339980539	-1,72942267	38,85081054	-1,503034093	0,598993695	11277,31069	6089,260634	8559	4621,490281	1375	149	75,63	195,71	73,39	303,82	75	2247,545
San Antonio (Chile)	-33,59330	-71,62170	-0,586313692	-1,250034481	Kingston	17,99702	-76,79358	0,314107255	-1,340300815	71,93581	-0,753987124	0,870719558	15328,68219	8276,826238	8200	4427,645788	2032	149	111,76	115	55	250	75	2787,76
San Juan	18,46633	-66,10572	0,322298259	-1,153762468	Cartagena Sprc	10,40631	-75,52839	0,181624372	-1,318219084	66,28734437	-1,640517343	0,454128558	9422,226436	5087,595268	1340	723,5421166	330	149	18,15	210	55	110	75	947,15
Santa Marta	11,24079	-74,19904	0,196188796	-1,29501755	Salvador	-12,97111	-38,51083	-0,226388577	-0,672140781	73,97265142	-0,868329577	0,490256779	9883,387413	5336,602275	2740	1479,481641	796	149	43,78	102	35	195,71	75	1396,49
Santa Marta	11,24079	-74,19904	0,196188796	-1,29501755	Santos	-23,96083	-46,33361	-0,418195375	-0,808674049	73,78084462	-1,004862845	0,60023276	11293,42184	6097,959959	2520	1360,691145	850	149	46,75	102	35	226,29	75	1484,04
Santa Marta	11,24079	-74,19904	0,196188796	-1,29501755	Paranagua	-25,50469	-48,51082	-0,445140815	-0,846673532	73,75389918	-1,042862328	0,618049667	11526,06953	6223,57966	2860	1544,276458	850	149	46,75	102	35	228,49	75	1486,24
Santa Marta	11,24079	-74,19904	0,196188796	-1,29501755	Navegantes	-26,89940	-48,65530	-0,469483097	-0,849195184	73,7295569	-1,04538398	0,629560442	11677,45823	6305,32302	2350	1268,898488	850	149	46,75	102	35	215,77	75	1473,52
Santos	-23,96083	-46,33361	-0,418195375	-0,808674049	Santos	-23,96083	-46,33361	-0,418195375	-0,808674049	45,91541462	-0,390478674	0,653022215	11989,14934	6473,622753	0	0			0,00				75	
Santos	-23,96083	-46,33361	-0,418195375	-0,808674049	Rio De Janeiro	-22,90642	-43,18223	-0,399792449	-0,753672092	45,93381755	-0,335476717	0,667730112	12187,02249	6580,465705	330	178,1857451	1400	149	77,00	226,29	73,39	145,07	75	2145,75
Santos	-23,96083	-46,33361	-0,418195375	-0,808674049	Cartagena Sprc	10,40631	-75,52839	0,181624372	-1,318219084	46,51523437	-0,900023709	0,779265644	13783,08788	7442,272073	2280	1231,101512	800	149	44,00	226,29	73,39	110	75	1477,68
Santos	-23,96083	-46,33361	-0,418195375	-0,808674049	Kingston	17,99702	-76,79358	0,314107255	-1,340300815	46,64771725	-0,92210544	0,811920673	14299,35576	7721,034426	4060	2192,224622	1430	149	78,65	226,29	73,39	250	75	2282,33
Savannah	32,08654	81,09983	0,560015769	1,415459056	New Orleans	29,95465	-90,07507	0,522807269	-1,572106545	-80,57702273	-2,132122314	0,829837771	14597,12873	7881,818966	1170	631,74946	1400	178	77,00	420	50	420	75	2620
Savannah	32,08654	81,09983	0,560015769	1,415459056	Colon container terminal	9,3589	-79,8997	0,163343619	-1,394512836	-80,93648638	-1,954528605	0,699001522	12615,4423	6811,793899	2380	1285,097192	615	386	33,83	420	50	200	75	1779,825
Savannah	32,08654	81,09983	0,560015769	1,415459056	Barranquilla	10,98300	-74,95000	0,191689512	-1,308124274	-80,90814049	-1,868140043	0,672494985	12251,58861	6615,328625	850	458,9632829	940	386	51,70	420	50	102	75	2024,7
Shanghai	31,22222	121,45806	0,544930539	2,11984305	Cartagena Sprc	10,40631	-75,52839	0,181624372	-1,318219084	-121,2764356	-1,863149623	0,352248458	8096,357592	4371,683365	19000	10259,17927	4235	386	232,93	90,78	65,36	110	75	5195,065
Shanghai	31,22222	121,45806	0,544930539	2,11984305	Santa Marta	11,24079	-74,19904	0,196188796	-1,29501755	-121,2618712	-1,839948089	0,351491891	8086,264301	4366,233424	18942	10227,86177	4235	386	232,93	90,78	65,36	102	75	5187,065
Singapure	1,25937	103,75445	0,021980153	1,810856766	Manzanillo International Terminal (MIT)	9,3597	-79,8828	0,163357582	-1,394217876	-103,5910924	-1,416198029	0,582363732	11061,82727	5972,908894	14200	7667,386609	2400	386	132,00	156,62	72,85	303,82	75	3526,29
Southampton	50,89700	-1,40416	0,888320229	-0,024507215	Charlestan	32,77657	-79,93092	0,572059064	-1,395057728	1,976219064	-2,283377958	0,812520987	14309,14897	7726,322337	6680	3606,911447	1400	89	77,00	202	30	420	75	2293
Suape	-8,39438	-34,97405	-0,14650957	-0,610412325	Balboa	8,9553	-79,55580	0,156299471	-1,388510649	35,13034947	-1,242001079	0,61435725	11477,69609	6197,460092	2056	1110,151188	1450	149	79,75	240,47	73,39	230	75	2297,61
Sydney	-33,86785	151,20732	-0,591105493	2,639065587	Tauranga	-37,68611	176,16667	-0,657746702	3,074688424	-151,8650667	3,665793917	0,936131373	16759,59506	9049,457377	2208	1192,224622	786	223	43,23	395,61	78,99	217,95	75	1819,78
Tauranga	-37,68611	176,16667	-0,657746702	3,074688424	Sydney	-33,86785	151,20732	-0,591105493	2,639065587	-176,7577755	3,296812289	0,964210762	17589,9345	9497,804806	2208	1192,224622	786	223	43,23	217,95	36,25	395,61	75	1777,04
Tauranga	-37,68611	176,16667	-0,657746702	3,074688424	Melbourne	-37,82420	144,9679	-0,660156827	2,530167165	-176,8268268	3,187913866	0,955585625	17309,46011	9346,360749	2430	1312,095032	786	223	43,23	217,95	36,25	390,35	75	1771,78
Valencia	39,46975	-0,37739	0,688877092	-0,006586698	Port Chalmers	-45,8159	170,62135	-0,799638305	2,977904332	-0,422248305	2,289027239	0,581058392	11044,96797	5963,805597	20150	10880,12959	1400	594	77,00	281,8	65,03	420	75	2912,83
Valparaiso	-33,03932	-71,62625	-0,576644917	-1,250113893	Napier	-39,48333	176,91667	-0,689114108	3,087778393	70,93713589	3,66442331	0,042507078	2646,025956	1428,739717	8090	4368,25054	3698	668	203,39	150	40	217,95	75	5052,34
Veracruz	19,4795	-99,08862	0,339981412	-1,72942267	Tauranga	-37,68611	176,16667	-0,657746702	3,074688424	98,4308733	2,734707012	0,849697924	14942,21332	8068,149743	10596	5721,382289	3593	668	197,62	303,82	60	217,95	75	5115,385
Veracruz	19,4795	-99,08862	0,339981412	-1,72942267	Manzanillo (Mx)	19,11695	-104,34214	0,33365372	-1,821113892	99,42227372	-2,161095303	0,371284696	8348,775519	4507,978142	460	248,3801296	1400	149	77,00	303,82	60	303,82	75	2368,64
Veracruz Icave	19,4795	-99,08862	0,339981412	-1,72942267	Terminal internacional PSA Panamá	8,9369	-79,5755	0,15597833	-1,388854479	99,24459833	-1,728835891	0,432924457	9150,28231	4940,757187	1450	782,937365	860	149	47,30	303,82	60	200	75	1695,12
Willemstad	12,10840	-68,93354	0,211331447	-1,203117238	Cristobal	9,3544	-79,9066	0,16326508	-1,394633264	69,09680508	-1,605964711	0,502392257	10038,02566	5420,100248	1075	580,4535637	835	149	45,93	485	73,99	220	75	1883,915
Willemstad	12,10840	-68,93354	0,211331447	-1,203117238	Cartagena Sprc	10,40631	-75,52839	0,181624372	-1,318219084	69,11516437	-1,529550531	0,463753197	9545,281138	5154,039491	5010	2705,183585	880	149	48,40	485	73,99	110	75	1821,39
Willemstad	12,10840	-68,93354	0,211331447	-1,203117238	Philadelphia	39,95233	-75,16379	0,697299702	-1,311855614	69,6308397	-1,523187061	0,424103208	9036,713644	4879,435013	3760	2030,237581	2700	386	148,50	485	73,99	440	75	4308,49