Origen			Destino			Costos logísticos real (USD)
Puerto	Latitud	Longitud	Puerto	Latitud	Longitud	
Leghorn	35,88556	14,5475	Marsaxlok	35,84194	14,54306	1004734
Marsaxlok	35,84194	14,54306	Leghorn	35,88556	14,5475	3350472
Barcadera	12,5110625	-69,974224	Caucedo	18,42423	-69,6345	484308
Caucedo	18,42423	-69,6345	Fort_de_France	14,6	-61,08333	3055797
Fort_de_France	14,6	-61,08333	Pointe_a_Pitre	16,23824	-61,53211	1339985
Pointe_a_Pitre	16,23824	-61,53211	Port_of_Spain	10,671067	-61,521206	796950
Port_of_Spain	10,671067	-61,521206	Rio_Haina	18,417	-70,019	807180
Rio_Haina	18,417	-70,019	San_Juan	18,46633	-66,10572	481862
San_Juan	18,46633	-66,10572	Willemstad	12,1084	-68,93354	1204458
Willemstad	12,1084	-68,93354	La_Guaira	10,5957445	-66,956632	353280
La_Guaira	10,5957445	-66,956632	Puerto_Cabello	10,4667	-68,0167	2175565
Puerto_Cabello	10,4667	-68,0167	Barcadera	12,5110625	-69,974224	1136520
Navegantes	-26,8994	-48,6553	Paranagua	-25,504692	-48,510822	51570
Paranagua	-25,504692	-48,510822	Poto_Itapoa	-26,17904	-48,60622	104940
Poto_Itapoa	-26,17904	-48,60622	Rio_de_Janeiro	-22,90642	-43,18223	1073340
Rio_de_Janeiro	-22,90642	-43,18223	Rio_Grande	-30,0277	-51,2287	98824
Rio_Grande	-30,0277	-51,2287	Salvador	-12,97111	-38,51083	105598
Salvador	-12,97111	-38,51083	Santos	-23,96083	-46,33361	78616
Santos	-23,96083	-46,33361	Navegantes	-26,8994	-48,6553	357822
Halifax	51,21989	44,0346	Antwerpen	51,1672	4,2072	45120
Antwerpen	51,1672	4,2072	Dunkirk	51,0306	2,30202	6111970
Dunkirk	51,0306	2,30202	Genoa	44,4264	8,91519	260338
Genoa	44,4264	8,91519	Hamburg_CTB	53,57532	10,01534	773776
Hamburg_CTB	53,57532	10,01534	Le_Havre	49,49437	0,107999	875156
Le_Havre	49,49437	0,107999	London_Gateway	51,5072	-0,1275	1627560
London_Gateway	51,5072	-0,1275	Marseilles_Fos	43,29695	5,38107	2415634
Marseilles_Fos	43,29695	5,38107	Montoir_de_Bretagne	47,3266	-2,14998	224180
Montoir_de_Bretagne	47,3266	-2,14998	Rotterdam	51,92423	4,50125	205440
Rotterdam	51,92423	4,50125	Southampton	50,897	-1,40416	2152544
Southampton	50,897	-1,40416	Port_of_Felixstowe	51,9551	1,311	56430
Port_of_Felixstowe	51,9551	1,311	Port_of_Zeebrugge	51,3157	3,207	2715888
Port_of_Zeebrugge	51,3157	3,207	Port_of_Bremerhaven	53,5396	8,5789	1313450
Port_of_Bremerhaven	53,5396	8,5789	Port_of_Gdansk	54,3659	18,6591	4068456
Port_of_Gdansk	54,3659	18,6591	Halifax	51,21989	44,0346	1523911
Algeciras	36,13326	-5,45051	Barcelona	41,38879	2,15899	2793156
Barcelona	41,38879	2,15899	Valencia	39,46975	-0,37739	60885
Valencia	39,46975	-0,37739	Vila_do_Conde	41,3580981	-8,7475631	123860
Vila_do_Conde	41,3580981	-8,7475631	Algeciras	36,13326	-5,45051	7671
Savannah	32,08354	81,09983	Busan	35,10168	129,03004	3271520
Busan	35,10168	129,03004	Chiwan	22,4909	113,8845	3495602
Chiwan	22,4909	113,8845	Ningbo	29,87819	121,620387	3495800
Ningbo	29,87819	121,620387	Qingdao	36,0247	120,357	12511936
Qingdao	36,0247	120,357	Shanghai	31,22222	121,45806	8835984
Shanghai	31,22222	121,45806	Singapure	1,25937	103,75445	2006228
Singapure	1,25937	103,75445	Savannah	32,08354	81,09983	15786144
Altamira	23,7342516	-99,110108	Houston	29,75757	-95,3512	242154
Houston	29,75757	-95,3512	Los_Angeles	34,05223	-118,24368	334232
Los_Angeles	34,05223	-118,24368	Manzanillo_(Mx)	19,11695	-104,34214	12680064
Manzanillo_(Mx)	19,11695	-104,34214	Oakland	37,7699	-122,226	10185144
Oakland	37,7699	-122,226	Veracruz	19,479496	-99,088622	298412
Veracruz	19,479496	-99,088622	Altamira	23,7342516	-99,110108	68496
Callao	-12,052263	-77,139113	Guayaquil	-2,2785	-79,9079	24255
Guayaquil	-2,2785	-79,9079	Paita	-5,0817	-81,177	2125
Paita	-5,0817	-81,177	Puerto_de_Posorja	-2,7174757	-80,300418	23600
Puerto_de_Posorja	-2,7174757	-80,300418	Callao	-12,052263	-77,139113	230120
Buenos_Aires	-38,043544	-57,545805	Montevideo	-34,901113	-56,164531	3996
Montevideo	-34,901113	-56,164531	San_Antonio_(Chile)	-33,5933	-71,6217	543712
San_Antonio_(Chile)	-33,5933	-71,6217	Valparaiso	-33,03932	-71,62625	31350
Valparaiso	-33,03932	-71,62625	Buenos_Aires	-38,043544	-57,545805	103360
Balboa	8,9553	-79,5558	Colon_container_terminal	9,3589	-79,8997	324042
Manzanillo_International_Terminal	9,3597	-79,8828	Moin_APM_Terminals	10,1942	-83,0767	4348988
Moin_APM_Terminals	10,1942	-83,0767	Terminal_internacional_PSA_Panama	8,9369	-79,5755	846316
Terminal_internacional_PSA_Panama	8,9369	-79,5755	Puerto_Barrios	15,72778	-88,59444	3930714
Puerto_Barrios	15,72778	-88,59444	Puerto_Cortes	15,82562	-87,92968	134784
Puerto_Cortes	15,82562	-87,92968	Kingston	17,99702	-76,79358	128685
Kingston	17,99702	-76,79358	Barranquilla	10,983	-74,95	3864316
Barranquilla	10,983	-74,95	Buenaventura	3,9627517	-77,376351	867616
Buenaventura	3,9627517	-77,376351	Cartagena_CONTECAR	10,39972	-75,51444	15243214
Cartagena_CONTECAR	10,39972	-75,51444	Cartagena_SPRC	10,406309	-75,528388	0
Cartagena_SPRC	10,406309	-75,528388	Santa_Marta	11,24079	-74,19904	930136
Santa_Marta	11,24079	-74,19904	Balboa	8,9553	-79,5558	14304
Melbourne	-37,8242	144,9679	Napier	-39,48333	176,91667	65340
Napier	-39,48333	176,91667	Port_Chalmers	-45,815897	170,62135	98777
Port_Chalmers	-45,815897	170,62135	Sydney	-33,86785	151,20732	201762
Sydney	-33,86785	151,20732	Tauranga	-37,68611	176,16667	38357
Tauranga	-37,68611	176,16667	Melbourne	-37,8242	144,9679	33795
Macapa	0,03889	-51,06639	Manaus	-3,10194	-60,025	0
Manaus	-3,10194	-60,025	Suape	-8,39438	-34,97405	502304
Suape	-8,39438	-34,97405	Macapa	0,03889	-51,06639	59169
Baltimore	39,29038	-76,61219	Charleston	32,77657	-79,93092	2108750
Charleston	32,77657	-79,93092	Miami	25,7741667	-80,171111	2099840
Miami	25,7741667	-80,171111	New_Orleans	29,95465	-90,07507	1159452
New_Orleans	29,95465	-90,07507	New_York	40,71427	-74,00597	1463238
New_York	40,71427	-74,00597	Norfolk	36,84681	-76,28522	7219288
Norfolk	36,84681	-76,28522	Philadelphia	39,95233	-75,16379	1589971
Philadelphia	39,95233	-75,16379	Port_Everglades	25,8576	-81,3866	1635780
Port_Everglades	25,8576	-81,3866	Mariel	22,9919	-82,7667	1129980
Mariel	22,9919	-82,7667	Baltimore	39,29038	-76,61219	592515